%YAML:1.0
---
image_width: 640
image_height: 480
camera_matrix: !!opencv-matrix
   rows: 3
   cols: 3
   dt: d
   data: [ 6.0399079134273143e+002, 0., 3.2327331690864310e+002, 0.,
       6.0272655353681489e+002, 2.4147044335668969e+002, 0., 0., 1. ]
distortion_coefficients: !!opencv-matrix
   rows: 1
   cols: 5
   dt: d
   data: [ 9.2409456380784002e-002, -2.8703234984972809e-001,
       -1.8267446466813391e-003, 2.2187442294108002e-003,
       3.6508849744720007e-001 ]
