%YAML:1.0
---
image_width: 640
image_height: 480
camera_matrix: !!opencv-matrix
   rows: 3
   cols: 3
   dt: d
   data: [ 6.8267476426516203e+002, 0., 3.2805893713306199e+002, 0.,
       6.8063145765391937e+002, 2.5922169145139731e+002, 0., 0., 1. ]
distortion_coefficients: !!opencv-matrix
   rows: 1
   cols: 5
   dt: d
   data: [ 1.0097364448856588e-001, -3.7110659029793330e-001,
       1.1408191653289360e-002, -3.5359438227041838e-004,
       3.8489800053115258e-001 ]
