%YAML:1.0
---
image_width: 640
image_height: 480
camera_matrix: !!opencv-matrix
   rows: 3
   cols: 3
   dt: d
   data: [ 6.3373565342407710e+02, 0., 3.1836271892261158e+02, 0.,
       6.3519287382120012e+02, 2.6112481938066293e+02, 0., 0., 1. ]
distortion_coefficients: !!opencv-matrix
   rows: 1
   cols: 5
   dt: d
   data: [ 1.8830529353663900e-01, -3.6431677071485224e-01,
       1.1692937388449091e-02, 3.2590765271498573e-03,
       2.6744526045069084e-01 ]
